31
*
25
*
1
*
00:1:0
#
01:1:1
#
02:1:2
#
03:1:3
#
04:1:4
#
05:1:5
#
06:1:6
#
07:1:7
#
08:1:8
#
09:1:9
#
10:1:10
#
11:1:11
#
12:1:12
#
13:1:13
#
14:1:14
#
15:1:15
#
16:1:16
#
17:1:17
#
18:1:18
#
19:1:19
#
20:1:20
#
21:1:21
#
22:1:22
#
23:1:23
#
24:1:24
#
25:1:25
#
26:1:26
#
27:1:27
#
28:1:28
#
29:1:29
#
30:1:30
#
31:1:31
#
32:1:32
#
33:1:33
#
34:1:34
#
35:1:35
#
36:1:36
#
37:1:37
#
38:1:38
#
39:1:39
#
40:1:40
#
41:1:41
#
42:1:42
#
43:1:43
#
44:1:44
#
45:1:45
#
46:1:46
#
47:1:47
#
48:1:48
#
49:1:49
#
50:1:50
#
51:1:51
#
52:1:52
*
0000000000000000000000000000000
0000000000000000000000000000000
0000000000000000000000000000000
0001111111111111111111111111111
0001000011110001000010000101000
0001000000000001000000000001000
0001000000000001000001110001000
0001000111110001000001010001000
0001000001110001001001110001000
0001000000110001001000000001000
0001010000110001001001110001000
0001111000110001001001010001000
0001010000110001001001010001000
0001000000110001001001110001000
0001010100110001001000000001000
0001110111110001001001110001111
0001000010110000001001010000010
0001000000110001001001110001000
0001100000110000001100000000000
0001000000110000001000000000000
0001111111111111111111111111111
0001111111111111111111111111111
0001000000000000000000000000000
0001000000000000000000000000000
0001000000000000000000000000000
*
00 00 00 00 00 00 00 00 00 00 00 00 00 00 00 00 00 01 00 00 00 00 00 00 01 00 00 00 00 00 01
00 00 01 00 00 00 00 00 00 00 01 00 00 00 00 00 00 00 00 00 00 00 00 00 00 00 00 00 00 00 00
00 00 00 00 01 00 00 00 00 00 00 00 00 00 00 00 01 00 00 00 00 00 01 00 00 00 00 00 01 00 00
00 01 00 00 00 00 00 00 00 00 00 00 00 00 00 00 00 00 00 00 00 00 00 00 00 00 00 00 00 00 00
00 00 00 00 12 14 13 13 41 26 01 00 12 14 13 52 13 14 13 13 21 13 13 13 15 41 16 00 01 00 00
00 00 01 00 18 19 19 19 19 19 29 23 19 19 19 51 19 19 19 19 19 19 19 19 19 19 34 00 00 00 00
00 00 00 00 24 19 19 19 19 19 29 23 19 19 19 51 19 19 19 19 19 42 43 44 19 19 22 00 00 00 01
01 00 00 00 30 19 06 08 08 07 00 01 24 19 19 51 19 19 19 19 19 48 01 49 19 19 28 00 00 01 00
00 00 00 00 24 19 19 19 19 28 00 00 24 19 19 51 19 19 17 19 19 45 46 47 19 19 34 00 00 00 00
00 00 00 00 24 19 19 19 19 28 00 00 24 19 19 51 19 19 52 19 19 19 19 19 19 19 34 00 01 00 00
00 01 00 00 24 17 19 19 19 28 00 00 24 19 19 51 19 19 51 19 19 42 43 44 19 19 28 00 00 00 00
00 00 00 00 07 08 08 10 19 28 00 00 24 19 19 51 19 19 51 19 19 48 00 49 19 19 34 00 00 00 00
00 00 00 00 24 41 19 19 19 28 00 01 24 19 19 51 19 19 51 19 19 48 01 49 19 19 28 00 00 01 00
00 00 00 00 24 19 20 19 19 28 00 00 24 19 19 51 19 19 51 19 19 45 46 47 19 19 28 00 00 00 01
00 00 01 00 24 32 19 32 19 28 00 00 24 19 19 50 19 19 51 19 19 19 19 19 19 19 28 01 00 00 00
00 00 00 00 07 08 35 08 08 09 00 00 24 19 19 33 19 19 51 19 19 42 43 44 19 19 34 00 00 00 00
00 00 00 01 24 19 19 20 17 28 00 00 24 19 19 19 19 19 51 19 19 48 01 49 19 19 19 13 13 27 14
01 00 00 00 24 19 19 19 19 28 00 00 24 19 19 19 19 19 51 19 19 45 46 47 19 19 19 19 19 19 19
00 00 00 00 25 19 20 19 19 34 00 00 24 19 19 19 19 19 51 31 19 19 19 19 19 19 19 19 19 19 20
00 01 00 00 36 37 37 37 37 40 00 00 36 37 37 37 37 37 50 37 37 37 37 37 37 37 37 37 37 37 37
00 00 00 00 11 11 03 11 11 11 00 00 11 11 11 11 03 11 11 11 11 11 04 05 11 11 11 11 11 11 11
00 00 00 00 00 00 00 00 00 00 00 00 00 00 00 00 00 01 00 00 00 00 00 00 01 00 00 00 00 00 01
00 00 01 00 00 00 00 00 00 00 01 00 00 00 00 00 00 00 00 00 00 00 00 00 00 00 00 00 00 00 00
00 00 00 00 01 00 00 00 00 00 00 00 00 00 00 00 01 00 00 00 00 00 01 00 00 00 00 00 01 00 00
00 01 00 00 00 00 00 00 00 00 00 00 00 00 00 00 00 00 00 00 00 00 00 00 00 00 00 00 00 00 00
*
233:540
*
30:17:mapTemplate.txt
*
9:8
#
15:17
#
27:17