31
*
25
*
2
*
00:2:0
#
01:2:1
#
02:2:2
#
03:2:3
#
04:2:4
#
05:2:5
#
06:2:6
#
07:2:7
#
08:2:8
#
09:2:9
#
10:2:10
#
11:2:11
#
12:2:12
#
13:2:13
#
14:2:14
#
15:2:15
#
16:2:16
#
17:2:17
#
18:2:18
#
19:2:19
#
20:2:20
#
21:2:21
#
22:2:22
#
23:2:23
#
24:2:24
#
25:2:25
#
26:2:26
#
27:2:27
#
28:2:28
#
29:2:29
#
30:2:30
#
31:2:31
#
32:2:32
#
33:2:33
#
34:2:34
#
35:2:35
#
36:2:36
#
37:2:37
#
38:2:38
#
39:2:39
#
40:2:40
#
41:2:41
#
42:2:42
#
43:2:43
#
44:2:44
#
45:2:45
#
46:2:46
#
47:2:47
#
48:2:48
*
0000000000000000000000000000000
0000000000000000000000000000000
0000000000000000000000000000000
0000000000000000000000000000000
1111111111111111111111111110000
0000010111101111000000000001000
0000000000101011011111111001000
0000000000101011011111111001000
1111000001001001000000001001000
0001000101011101110101111001000
0001000001011101110101111001000
0001000001000000000100000001000
0001001100111111111111111001000
0001000000111111111111111001000
0001000001010011000100000001000
0001010111010010010101111001000
0000110111000010010101111001000
0000010111001000010000111001000
0000010000001001000001111001000
0000101111001001000101111001000
0000100001100000001100000001000
0000000001111111111111111110000
0000000000000000000000000000000
0000000000000000000000000000000
0000000000000000000000000000000
*
22 22 22 22 22 22 22 22 22 22 22 22 22 22 22 22 22 22 22 22 22 22 22 22 22 22 22 22 22 22 22
22 22 22 22 22 22 22 22 22 22 22 22 22 22 22 22 22 22 22 22 22 22 22 22 22 22 22 22 22 22 22
22 22 22 22 22 22 22 22 22 22 22 22 22 22 22 22 22 22 22 22 22 22 22 22 22 22 22 22 22 22 22
22 22 22 22 22 22 22 22 22 22 22 22 22 22 22 22 22 22 22 22 22 22 22 22 22 22 22 22 22 22 22
07 07 07 07 07 07 07 07 07 07 07 03 07 07 07 07 07 07 07 07 07 07 07 07 07 07 07 22 22 22 22
08 08 08 08 08 02 08 08 01 05 02 08 20 08 02 20 08 08 08 08 08 08 08 08 08 08 05 22 22 22 22
08 08 08 47 08 08 08 08 08 05 12 08 20 08 10 05 08 10 11 11 11 11 11 11 44 08 05 22 22 22 22
09 08 08 08 08 08 08 08 08 05 31 08 20 08 31 20 08 31 31 31 31 31 31 31 20 08 05 22 22 22 22
46 46 46 46 25 08 08 08 08 05 08 08 20 08 08 20 08 08 08 08 09 08 08 08 20 08 05 22 22 22 22
22 22 22 22 26 08 08 00 08 05 08 10 18 12 08 42 11 12 08 04 08 10 11 11 43 08 05 22 22 22 22
22 22 22 22 26 08 08 08 08 19 08 31 31 31 08 31 31 31 08 20 08 31 31 31 31 08 19 22 22 22 22
22 22 22 22 26 08 08 08 08 05 09 08 08 08 08 08 08 08 09 20 08 08 08 08 08 08 05 22 22 22 22
22 22 22 22 26 08 08 08 08 05 10 11 11 11 11 11 11 11 11 08 11 11 11 11 12 08 05 22 22 22 22
22 22 22 22 26 09 08 08 08 05 45 45 45 45 45 45 45 45 45 20 45 45 45 45 01 08 05 22 22 22 22
22 22 22 22 26 08 08 08 09 05 08 13 08 08 04 00 08 08 08 20 09 08 08 08 08 08 05 22 22 22 22
22 22 22 22 26 02 08 02 00 05 08 31 08 08 41 08 08 04 08 06 08 14 15 15 16 08 05 22 22 22 22
22 22 22 22 46 46 33 46 46 35 08 08 08 08 31 08 08 41 08 27 08 21 22 22 23 09 05 22 22 22 22
22 22 22 22 22 22 39 22 22 36 08 08 04 08 08 08 08 31 08 08 08 40 40 22 23 08 05 22 22 22 22
22 22 22 22 22 22 39 40 40 32 08 08 41 08 09 13 08 08 08 08 08 21 22 22 23 08 05 22 22 22 22
22 22 22 22 17 22 22 22 22 36 08 08 31 08 08 31 08 08 08 04 08 28 29 29 30 08 19 22 22 22 22
22 22 22 22 24 22 22 22 22 36 00 08 08 08 08 08 08 08 02 06 08 08 08 08 08 08 05 22 22 22 22
22 22 22 22 22 22 22 22 22 37 38 38 38 38 38 38 38 38 38 38 38 38 38 38 38 38 38 22 22 22 22
22 22 22 22 22 22 22 22 22 22 22 22 22 22 22 22 22 22 22 22 22 22 22 22 22 22 22 22 22 22 22
22 22 22 22 22 22 22 22 22 22 22 22 22 22 22 22 22 22 22 22 22 22 22 22 22 22 22 22 22 22 22
22 22 22 22 22 22 22 22 22 22 22 22 22 22 22 22 22 22 22 22 22 22 22 22 22 22 22 22 22 22 22
*
50:200
*
11:05:mapTemplate.txt
*
2
*
spriteSheetE2.png
*
22:17
#
13:05
*
6:10